-----------------------------------------
----------Camera 0----------
Rotation Matrix
0.999943	-0.00467265	0.00963672
0.0046396	0.999983	0.00344894
-0.00965267	-0.00340404	0.999948
Translation Vector
0.00820399	0.000417589	0.101391
focal = 2844.31
Radial Distortion
-2.0201e-08	2.12464e-15
-----------------------------------------
----------Camera 1----------
Rotation Matrix
0.869629	-0.00262263	0.493699
-0.0359448	0.996996	0.0686114
-0.492396	-0.0774123	0.866922
Translation Vector
0.468931	0.109982	0.904924
focal = 3954.03
Radial Distortion
9.64186e-11	-1.5808e-15
-----------------------------------------
----------Camera 2----------
Rotation Matrix
0.821272	-0.00681432	0.570497
0.00793678	0.999968	0.000518585
-0.570482	0.00410201	0.8213
Translation Vector
0.880383	-0.106463	-1.19354
focal = 4788.78
Radial Distortion
-2.11023e-08	2.05883e-14
-----------------------------------------
----------Camera 3----------
Rotation Matrix
0.814234	-0.00980636	0.580453
-0.0276928	0.998063	0.0557079
-0.579875	-0.0614336	0.812386
Translation Vector
0.770033	0.116516	0.986618
focal = 3800.89
Radial Distortion
-2.81458e-09	3.58466e-16
-----------------------------------------
----------Camera 4----------
Rotation Matrix
0.981011	-0.0256546	-0.192246
0.00162891	0.992268	-0.124103
0.193944	0.121433	0.973468
Translation Vector
0.428792	0.0160168	-1.07785
focal = 2201.61
Radial Distortion
-1.61526e-08	8.71374e-16
-----------------------------------------
----------Camera 5----------
Rotation Matrix
0.985468	-0.167497	-0.0282455
0.159048	0.968267	-0.192777
0.0596386	0.185483	0.980836
Translation Vector
-0.00981704	0.094489	-0.697405
focal = 2656.25
Radial Distortion
-1.577e-08	1.54051e-15
-----------------------------------------
----------Camera 6----------
Rotation Matrix
0.935513	0.0360662	0.351446
-0.0684513	0.994429	0.0801597
-0.346597	-0.0990474	0.93277
Translation Vector
0.111456	0.153802	1.08185
focal = 2588.62
Radial Distortion
2.33915e-09	-5.07674e-15
-----------------------------------------
----------Camera 7----------
Rotation Matrix
0.952747	-0.0100554	0.303599
0.0393667	0.995111	-0.0905809
-0.301204	0.0982524	0.948484
Translation Vector
0.632953	0.00306862	-1.26756
focal = 3019.35
Radial Distortion
-4.23065e-09	-2.04993e-16
-----------------------------------------
----------Camera 8----------
Rotation Matrix
0.95525	-0.0046655	0.295764
-0.00252577	0.999711	0.0239275
-0.29579	-0.0236037	0.954961
Translation Vector
-0.113947	0.0257518	0.392813
focal = 4167.48
Radial Distortion
-7.9463e-09	-3.84264e-16
-----------------------------------------
----------Camera 9----------
Rotation Matrix
0.837456	-0.0140141	0.546325
0.0482702	0.997661	-0.0484014
-0.544369	0.0669053	0.836174
Translation Vector
0.702867	-0.117259	-2.1278
focal = 4572.97
Radial Distortion
-1.2387e-09	-1.11774e-16
-----------------------------------------
----------Camera 10----------
Rotation Matrix
0.848012	-0.0162937	0.529726
-0.068661	0.987726	0.140297
-0.52551	-0.155345	0.836485
Translation Vector
0.63235	-0.317582	-1.26588
focal = 2683.73
Radial Distortion
-2.10042e-08	1.27504e-15
-----------------------------------------
----------Camera 11----------
Rotation Matrix
0.898627	-0.0189257	0.438305
0.0393426	0.99852	-0.0375461
-0.436946	0.050984	0.898042
Translation Vector
1.05577	-0.140763	-1.98008
focal = 4343.65
Radial Distortion
1.90708e-08	2.58916e-15
-----------------------------------------
----------Camera 12----------
Rotation Matrix
0.771549	0.00106874	0.636169
-0.0802933	0.992165	0.0957134
-0.631082	-0.124928	0.76559
Translation Vector
0.18323	-0.523563	-2.02828
focal = 3474.31
Radial Distortion
-9.41763e-09	4.28049e-16
-----------------------------------------
----------Camera 13----------
Rotation Matrix
0.814029	0.00976729	0.580742
0.00238336	0.999794	-0.020156
-0.580819	0.0177917	0.813838
Translation Vector
0.574503	-0.0727206	-1.34452
focal = 12324.8
Radial Distortion
-1.37935e-09	4.83924e-19
-----------------------------------------
----------Camera 14----------
Rotation Matrix
0.999152	0.00922937	0.0401281
-0.00488755	0.994249	-0.10698
-0.0408847	0.106693	0.993451
Translation Vector
0.850872	0.00120786	-0.124978
focal = 1362.22
Radial Distortion
-7.72339e-08	2.94424e-14
-----------------------------------------
----------Camera 15----------
Rotation Matrix
0.908505	-0.0235083	-0.417212
0.00134296	0.998575	-0.0533415
0.417872	0.0479008	0.907242
Translation Vector
0.878616	-0.0805864	-0.541454
focal = 2247.51
Radial Distortion
-3.21359e-08	2.81035e-15
-----------------------------------------
----------Camera 16----------
Rotation Matrix
0.9923	-0.0388088	0.117617
0.0538155	0.990412	-0.12723
-0.111552	0.13258	0.984875
Translation Vector
0.522851	0.0352219	-0.987158
focal = 2193.22
Radial Distortion
-2.80162e-08	7.42603e-15
-----------------------------------------
----------Camera 17----------
Rotation Matrix
0.589069	0.00613566	0.808059
0.0384404	0.998626	-0.0356055
-0.807168	0.0520362	0.588024
Translation Vector
0.610911	-0.0535938	-1.34562
focal = 6918.09
Radial Distortion
7.25518e-09	2.24806e-17
-----------------------------------------
----------Camera 18----------
Rotation Matrix
0.789	0.00995149	0.614313
0.00643307	0.99968	-0.0244566
-0.61436	0.0232482	0.788684
Translation Vector
0.461683	-0.221315	-2.0689
focal = 2783.33
Radial Distortion
-2.0911e-08	3.91789e-15
-----------------------------------------
----------Camera 19----------
Rotation Matrix
0.954909	-0.0270659	-0.295664
0.0257755	0.999634	-0.00826189
0.295779	0.000268469	0.955256
Translation Vector
0.570371	0.0287522	0.0485923
focal = 2977.47
Radial Distortion
2.6089e-09	-2.63742e-15
-----------------------------------------
----------Camera 20----------
Rotation Matrix
0.788381	0.00298564	0.615181
-0.0382718	0.998289	0.044202
-0.613996	-0.0583921	0.787146
Translation Vector
0.477211	-0.387174	-2.04204
focal = 2381.81
Radial Distortion
-1.33625e-08	1.74832e-15
